68 32
104 12
142 177
121 139
277 15
227 235
109 5
155 264
168 127
273 268
41 62
36 59
55 128
48 53
194 222
37 299
209 240
111 126
230 172
252 136
246 18
240 278
76 138
177 274
173 45
154 191
202 171
212 215
80 67
243 235
0 61
11 94
46 222
173 233
136 290
293 267
78 50
141 280
5 82
286 28
90 91
178 114
29 154
216 119
74 64
226 228
32 54
38 36
127 215
196 233
199 186
29 201
120 91
48 41
233 56
35 224
56 62
230 170
227 293
93 189
85 211
69 225
86 111
221 27
267 236
55 5
124 58
226 141
68 82
152 257
187 24
0 277
131 282
123 251
248 103
47 297
151 134
143 248
47 27
279 50
3 187
101 137
90 276
255 220
60 242
45 84
16 284
8 98
275 254
193 127
57 247
272 287
265 176
244 168
92 139
233 112
205 119
28 186
118 35
69 130